[IMG_20171215_131524.jpg]
filters=finetune2=1,0.070175,0.106667,0.000000,00000000,-0.239766;
moddate=712b6a137e75d301
width=2448
height=3264
textactive=0
